##Nperloop      	chi             	dist            	Integ_flag      	Anlt            	Num_mean        	Num_std         
 0.40000000E+001	 0.10000000E-001	 0.22000000E+001	 0.20000000E+001	 0.24911146E-003	 0.24796092E-003	 0.15592511E-002
 0.40000000E+001	 0.10000000E+001	 0.22000000E+001	 0.20000000E+001	 0.18873092E-001	 0.17127200E-001	 0.10230357E+000
 0.40000000E+001	 0.10000000E+003	 0.22000000E+001	 0.20000000E+001	 0.12491818E+000	 0.51644240E-001	 0.29916826E+000
 0.40000000E+001	 0.10000000E+005	 0.22000000E+001	 0.20000000E+001	 0.16176377E+000	 0.51974619E-001	 0.30108990E+000
 0.80000000E+001	 0.10000000E-001	 0.22000000E+001	 0.20000000E+001	 0.24911146E-003	 0.24896429E-003	 0.15856466E-002
 0.80000000E+001	 0.10000000E+001	 0.22000000E+001	 0.20000000E+001	 0.18873092E-001	 0.18211027E-001	 0.10555183E+000
 0.80000000E+001	 0.10000000E+003	 0.22000000E+001	 0.20000000E+001	 0.12491818E+000	 0.72823949E-001	 0.37234364E+000
 0.80000000E+001	 0.10000000E+005	 0.22000000E+001	 0.20000000E+001	 0.16176377E+000	 0.73836017E-001	 0.37733390E+000
 0.16000000E+002	 0.10000000E-001	 0.22000000E+001	 0.20000000E+001	 0.24911146E-003	 0.24934710E-003	 0.16832273E-002
 0.16000000E+002	 0.10000000E+001	 0.22000000E+001	 0.20000000E+001	 0.18873092E-001	 0.18649941E-001	 0.11222209E+000
 0.16000000E+002	 0.10000000E+003	 0.22000000E+001	 0.20000000E+001	 0.12491818E+000	 0.91868713E-001	 0.43499936E+000
 0.16000000E+002	 0.10000000E+005	 0.22000000E+001	 0.20000000E+001	 0.16176377E+000	 0.94433420E-001	 0.44601295E+000
 0.32000000E+002	 0.10000000E-001	 0.22000000E+001	 0.20000000E+001	 0.24911146E-003	 0.24885005E-003	 0.17616402E-002
 0.32000000E+002	 0.10000000E+001	 0.22000000E+001	 0.20000000E+001	 0.18873092E-001	 0.18770372E-001	 0.11761865E+000
 0.32000000E+002	 0.10000000E+003	 0.22000000E+001	 0.20000000E+001	 0.12491818E+000	 0.10638881E+000	 0.47981274E+000
 0.32000000E+002	 0.10000000E+005	 0.22000000E+001	 0.20000000E+001	 0.16176377E+000	 0.11189972E+000	 0.50093615E+000
 0.64000000E+002	 0.10000000E-001	 0.22000000E+001	 0.20000000E+001	 0.24911146E-003	 0.24891186E-003	 0.18343459E-002
 0.64000000E+002	 0.10000000E+001	 0.22000000E+001	 0.20000000E+001	 0.18873092E-001	 0.18825635E-001	 0.12241948E+000
 0.64000000E+002	 0.10000000E+003	 0.22000000E+001	 0.20000000E+001	 0.12491818E+000	 0.11586215E+000	 0.50891995E+000
 0.64000000E+002	 0.10000000E+005	 0.22000000E+001	 0.20000000E+001	 0.16176377E+000	 0.12595247E+000	 0.54361317E+000
 0.12800000E+003	 0.10000000E-001	 0.22000000E+001	 0.20000000E+001	 0.24911146E-003	 0.24923828E-003	 0.18884106E-002
 0.12800000E+003	 0.10000000E+001	 0.22000000E+001	 0.20000000E+001	 0.18873092E-001	 0.18868714E-001	 0.12618029E+000
 0.12800000E+003	 0.10000000E+003	 0.22000000E+001	 0.20000000E+001	 0.12491818E+000	 0.12107798E+000	 0.52753653E+000
 0.12800000E+003	 0.10000000E+005	 0.22000000E+001	 0.20000000E+001	 0.16176377E+000	 0.13689162E+000	 0.57662701E+000
 0.25600000E+003	 0.10000000E-001	 0.22000000E+001	 0.20000000E+001	 0.24911146E-003	 0.24912889E-003	 0.19252158E-002
 0.25600000E+003	 0.10000000E+001	 0.22000000E+001	 0.20000000E+001	 0.18873092E-001	 0.18873698E-001	 0.12871846E+000
 0.25600000E+003	 0.10000000E+003	 0.22000000E+001	 0.20000000E+001	 0.12491818E+000	 0.12349604E+000	 0.53962321E+000
 0.25600000E+003	 0.10000000E+005	 0.22000000E+001	 0.20000000E+001	 0.16176377E+000	 0.14512897E+000	 0.60103558E+000
 0.51200000E+003	 0.10000000E-001	 0.22000000E+001	 0.20000000E+001	 0.24911146E-003	 0.24875534E-003	 0.19416187E-002
 0.51200000E+003	 0.10000000E+001	 0.22000000E+001	 0.20000000E+001	 0.18873092E-001	 0.18849321E-001	 0.12999375E+000
 0.51200000E+003	 0.10000000E+003	 0.22000000E+001	 0.20000000E+001	 0.12491818E+000	 0.12429941E+000	 0.54697944E+000
 0.51200000E+003	 0.10000000E+005	 0.22000000E+001	 0.20000000E+001	 0.16176377E+000	 0.15092533E+000	 0.61753373E+000
 0.10240000E+004	 0.10000000E-001	 0.22000000E+001	 0.20000000E+001	 0.24911146E-003	 0.24916909E-003	 0.19681162E-002
 0.10240000E+004	 0.10000000E+001	 0.22000000E+001	 0.20000000E+001	 0.18873092E-001	 0.18878534E-001	 0.13167215E+000
 0.10240000E+004	 0.10000000E+003	 0.22000000E+001	 0.20000000E+001	 0.12491818E+000	 0.12476888E+000	 0.55359315E+000
 0.10240000E+004	 0.10000000E+005	 0.22000000E+001	 0.20000000E+001	 0.16176377E+000	 0.15526419E+000	 0.63030518E+000
 0.20480000E+004	 0.10000000E-001	 0.22000000E+001	 0.20000000E+001	 0.24911146E-003	 0.24916120E-003	 0.19812639E-002
 0.20480000E+004	 0.10000000E+001	 0.22000000E+001	 0.20000000E+001	 0.18873092E-001	 0.18875125E-001	 0.13256308E+000
 0.20480000E+004	 0.10000000E+003	 0.22000000E+001	 0.20000000E+001	 0.12491818E+000	 0.12487843E+000	 0.55785462E+000
 0.20480000E+004	 0.10000000E+005	 0.22000000E+001	 0.20000000E+001	 0.16176377E+000	 0.15817207E+000	 0.63870785E+000
 0.40960000E+004	 0.10000000E-001	 0.22000000E+001	 0.20000000E+001	 0.24911146E-003	 0.24873060E-003	 0.19873714E-002
 0.40960000E+004	 0.10000000E+001	 0.22000000E+001	 0.20000000E+001	 0.18873092E-001	 0.18848434E-001	 0.13307338E+000
 0.40960000E+004	 0.10000000E+003	 0.22000000E+001	 0.20000000E+001	 0.12491818E+000	 0.12479322E+000	 0.55987023E+000
 0.40960000E+004	 0.10000000E+005	 0.22000000E+001	 0.20000000E+001	 0.16176377E+000	 0.15983176E+000	 0.64318387E+000
 0.81920000E+004	 0.10000000E-001	 0.22000000E+001	 0.20000000E+001	 0.24911146E-003	 0.24921229E-003	 0.20005251E-002
 0.81920000E+004	 0.10000000E+001	 0.22000000E+001	 0.20000000E+001	 0.18873092E-001	 0.18880314E-001	 0.13384596E+000
 0.81920000E+004	 0.10000000E+003	 0.22000000E+001	 0.20000000E+001	 0.12491818E+000	 0.12496513E+000	 0.56284463E+000
 0.81920000E+004	 0.10000000E+005	 0.22000000E+001	 0.20000000E+001	 0.16176377E+000	 0.16100889E+000	 0.64717673E+000
 0.16384000E+005	 0.10000000E-001	 0.22000000E+001	 0.20000000E+001	 0.24911146E-003	 0.24952918E-003	 0.20077695E-002
 0.16384000E+005	 0.10000000E+001	 0.22000000E+001	 0.20000000E+001	 0.18873092E-001	 0.18903820E-001	 0.13438895E+000
 0.16384000E+005	 0.10000000E+003	 0.22000000E+001	 0.20000000E+001	 0.12491818E+000	 0.12498554E+000	 0.56500503E+000
 0.16384000E+005	 0.10000000E+005	 0.22000000E+001	 0.20000000E+001	 0.16176377E+000	 0.16148452E+000	 0.64952427E+000
 0.32768000E+005	 0.10000000E-001	 0.22000000E+001	 0.20000000E+001	 0.24911146E-003	 0.24921687E-003	 0.20137175E-002
 0.32768000E+005	 0.10000000E+001	 0.22000000E+001	 0.20000000E+001	 0.18873092E-001	 0.18876454E-001	 0.13457011E+000
 0.32768000E+005	 0.10000000E+003	 0.22000000E+001	 0.20000000E+001	 0.12491818E+000	 0.12488624E+000	 0.56497803E+000
 0.32768000E+005	 0.10000000E+005	 0.22000000E+001	 0.20000000E+001	 0.16176377E+000	 0.16158212E+000	 0.64979849E+000
 0.65536000E+005	 0.10000000E-001	 0.22000000E+001	 0.20000000E+001	 0.24911146E-003	 0.24895660E-003	 0.20073248E-002
 0.65536000E+005	 0.10000000E+001	 0.22000000E+001	 0.20000000E+001	 0.18873092E-001	 0.18861346E-001	 0.13426230E+000
 0.65536000E+005	 0.10000000E+003	 0.22000000E+001	 0.20000000E+001	 0.12491818E+000	 0.12489265E+000	 0.56539301E+000
 0.65536000E+005	 0.10000000E+005	 0.22000000E+001	 0.20000000E+001	 0.16176377E+000	 0.16169169E+000	 0.65033588E+000
