   -2.9276727000e+01	    0.0000000000e+00
   -2.9226338000e+01	    0.0000000000e+00
   -2.9175948000e+01	    0.0000000000e+00
   -2.9125559000e+01	    0.0000000000e+00
   -2.9075170000e+01	    0.0000000000e+00
   -2.9024780000e+01	    0.0000000000e+00
   -2.8974391000e+01	    0.0000000000e+00
   -2.8924002000e+01	    0.0000000000e+00
   -2.8873612000e+01	    0.0000000000e+00
   -2.8823223000e+01	    0.0000000000e+00
   -2.8772834000e+01	    0.0000000000e+00
   -2.8722444000e+01	    0.0000000000e+00
   -2.8672055000e+01	    0.0000000000e+00
   -2.8621666000e+01	    0.0000000000e+00
   -2.8571276000e+01	    0.0000000000e+00
   -2.8520887000e+01	    0.0000000000e+00
   -2.8470498000e+01	    0.0000000000e+00
   -2.8420108000e+01	    0.0000000000e+00
   -2.8369719000e+01	    0.0000000000e+00
   -2.8319330000e+01	    0.0000000000e+00
   -2.8268940000e+01	    0.0000000000e+00
   -2.8218551000e+01	    0.0000000000e+00
   -2.8168162000e+01	    0.0000000000e+00
   -2.8117772000e+01	    0.0000000000e+00
   -2.8067383000e+01	    0.0000000000e+00
   -2.8016994000e+01	    0.0000000000e+00
   -2.7966604000e+01	    0.0000000000e+00
   -2.7916215000e+01	    0.0000000000e+00
   -2.7865826000e+01	    0.0000000000e+00
   -2.7815436000e+01	    0.0000000000e+00
   -2.7765047000e+01	    0.0000000000e+00
   -2.7714658000e+01	    0.0000000000e+00
   -2.7664268000e+01	    0.0000000000e+00
   -2.7613879000e+01	    0.0000000000e+00
   -2.7563490000e+01	    0.0000000000e+00
   -2.7513100000e+01	    0.0000000000e+00
   -2.7462711000e+01	    0.0000000000e+00
   -2.7412321000e+01	    0.0000000000e+00
   -2.7361932000e+01	    0.0000000000e+00
   -2.7311543000e+01	    0.0000000000e+00
   -2.7261153000e+01	    0.0000000000e+00
   -2.7210764000e+01	    0.0000000000e+00
   -2.7160375000e+01	    0.0000000000e+00
   -2.7109985000e+01	    0.0000000000e+00
   -2.7059596000e+01	    0.0000000000e+00
   -2.7009207000e+01	    0.0000000000e+00
   -2.6958817000e+01	    0.0000000000e+00
   -2.6908428000e+01	    0.0000000000e+00
   -2.6858039000e+01	    0.0000000000e+00
   -2.6807649000e+01	    0.0000000000e+00
   -2.6757260000e+01	    0.0000000000e+00
   -2.6706871000e+01	    0.0000000000e+00
   -2.6656481000e+01	    0.0000000000e+00
   -2.6606092000e+01	    0.0000000000e+00
   -2.6555703000e+01	    0.0000000000e+00
   -2.6505313000e+01	    0.0000000000e+00
   -2.6454924000e+01	    0.0000000000e+00
   -2.6404535000e+01	    0.0000000000e+00
   -2.6354145000e+01	    0.0000000000e+00
   -2.6303756000e+01	    0.0000000000e+00
   -2.6253367000e+01	    0.0000000000e+00
   -2.6202977000e+01	    0.0000000000e+00
   -2.6152588000e+01	    0.0000000000e+00
   -2.6102199000e+01	    0.0000000000e+00
   -2.6051809000e+01	    0.0000000000e+00
   -2.6001420000e+01	    0.0000000000e+00
   -2.5951031000e+01	    0.0000000000e+00
   -2.5900641000e+01	    0.0000000000e+00
   -2.5850252000e+01	    0.0000000000e+00
   -2.5799863000e+01	    0.0000000000e+00
   -2.5749473000e+01	    0.0000000000e+00
   -2.5699084000e+01	    0.0000000000e+00
   -2.5648695000e+01	    0.0000000000e+00
   -2.5598305000e+01	    0.0000000000e+00
   -2.5547916000e+01	    0.0000000000e+00
   -2.5497527000e+01	    0.0000000000e+00
   -2.5447137000e+01	    0.0000000000e+00
   -2.5396748000e+01	    0.0000000000e+00
   -2.5346359000e+01	    0.0000000000e+00
   -2.5295969000e+01	    0.0000000000e+00
   -2.5245580000e+01	    0.0000000000e+00
   -2.5195191000e+01	    0.0000000000e+00
   -2.5144801000e+01	    0.0000000000e+00
   -2.5094412000e+01	    0.0000000000e+00
   -2.5044023000e+01	    0.0000000000e+00
   -2.4993633000e+01	    0.0000000000e+00
   -2.4943244000e+01	    0.0000000000e+00
   -2.4892855000e+01	    0.0000000000e+00
   -2.4842465000e+01	    0.0000000000e+00
   -2.4792076000e+01	    0.0000000000e+00
   -2.4741687000e+01	    0.0000000000e+00
   -2.4691297000e+01	    0.0000000000e+00
   -2.4640908000e+01	    0.0000000000e+00
   -2.4590519000e+01	    0.0000000000e+00
   -2.4540129000e+01	    0.0000000000e+00
   -2.4489740000e+01	    0.0000000000e+00
   -2.4439351000e+01	    0.0000000000e+00
   -2.4388961000e+01	    0.0000000000e+00
   -2.4338572000e+01	    0.0000000000e+00
   -2.4288183000e+01	    0.0000000000e+00
   -2.4237793000e+01	    0.0000000000e+00
   -2.4187404000e+01	    0.0000000000e+00
   -2.4137015000e+01	    0.0000000000e+00
   -2.4086625000e+01	    0.0000000000e+00
   -2.4036236000e+01	    0.0000000000e+00
   -2.3985847000e+01	    0.0000000000e+00
   -2.3935457000e+01	    0.0000000000e+00
   -2.3885068000e+01	    0.0000000000e+00
   -2.3834679000e+01	    0.0000000000e+00
   -2.3784289000e+01	    0.0000000000e+00
   -2.3733900000e+01	    0.0000000000e+00
   -2.3683511000e+01	    0.0000000000e+00
   -2.3633121000e+01	    0.0000000000e+00
   -2.3582732000e+01	    0.0000000000e+00
   -2.3532343000e+01	    0.0000000000e+00
   -2.3481953000e+01	    0.0000000000e+00
   -2.3431564000e+01	    0.0000000000e+00
   -2.3381175000e+01	    0.0000000000e+00
   -2.3330785000e+01	    0.0000000000e+00
   -2.3280396000e+01	    0.0000000000e+00
   -2.3230007000e+01	    0.0000000000e+00
   -2.3179617000e+01	    0.0000000000e+00
   -2.3129228000e+01	    0.0000000000e+00
   -2.3078839000e+01	    0.0000000000e+00
   -2.3028449000e+01	    0.0000000000e+00
   -2.2978060000e+01	    0.0000000000e+00
   -2.2927671000e+01	    0.0000000000e+00
   -2.2877281000e+01	    0.0000000000e+00
   -2.2826892000e+01	    0.0000000000e+00
   -2.2776503000e+01	    0.0000000000e+00
   -2.2726113000e+01	    0.0000000000e+00
   -2.2675724000e+01	    0.0000000000e+00
   -2.2625334000e+01	    0.0000000000e+00
   -2.2574945000e+01	    0.0000000000e+00
   -2.2524556000e+01	    0.0000000000e+00
   -2.2474166000e+01	    0.0000000000e+00
   -2.2423777000e+01	    0.0000000000e+00
   -2.2373388000e+01	    0.0000000000e+00
   -2.2322998000e+01	    0.0000000000e+00
   -2.2272609000e+01	    0.0000000000e+00
   -2.2222220000e+01	    0.0000000000e+00
   -2.2171830000e+01	    0.0000000000e+00
   -2.2121441000e+01	    0.0000000000e+00
   -2.2071052000e+01	    0.0000000000e+00
   -2.2020662000e+01	    0.0000000000e+00
   -2.1970273000e+01	    0.0000000000e+00
   -2.1919884000e+01	    0.0000000000e+00
   -2.1869494000e+01	    0.0000000000e+00
   -2.1819105000e+01	    0.0000000000e+00
   -2.1768716000e+01	    0.0000000000e+00
   -2.1718326000e+01	    0.0000000000e+00
   -2.1667937000e+01	    0.0000000000e+00
   -2.1617548000e+01	    0.0000000000e+00
   -2.1567158000e+01	    0.0000000000e+00
   -2.1516769000e+01	    0.0000000000e+00
   -2.1466380000e+01	    0.0000000000e+00
   -2.1415990000e+01	    0.0000000000e+00
   -2.1365601000e+01	    0.0000000000e+00
   -2.1315212000e+01	    0.0000000000e+00
   -2.1264822000e+01	    0.0000000000e+00
   -2.1214433000e+01	    0.0000000000e+00
   -2.1164044000e+01	    0.0000000000e+00
   -2.1113654000e+01	    0.0000000000e+00
   -2.1063265000e+01	    0.0000000000e+00
   -2.1012876000e+01	    0.0000000000e+00
   -2.0962486000e+01	    0.0000000000e+00
   -2.0912097000e+01	    0.0000000000e+00
   -2.0861708000e+01	    0.0000000000e+00
   -2.0811318000e+01	    0.0000000000e+00
   -2.0760929000e+01	    0.0000000000e+00
   -2.0710540000e+01	    0.0000000000e+00
   -2.0660150000e+01	    0.0000000000e+00
   -2.0609761000e+01	    0.0000000000e+00
   -2.0559372000e+01	    0.0000000000e+00
   -2.0508982000e+01	    0.0000000000e+00
   -2.0458593000e+01	    0.0000000000e+00
   -2.0408204000e+01	    0.0000000000e+00
   -2.0357814000e+01	    0.0000000000e+00
   -2.0307425000e+01	    0.0000000000e+00
   -2.0257036000e+01	    0.0000000000e+00
   -2.0206646000e+01	    0.0000000000e+00
   -2.0156257000e+01	    0.0000000000e+00
   -2.0105868000e+01	    0.0000000000e+00
   -2.0055478000e+01	    0.0000000000e+00
   -2.0005089000e+01	    0.0000000000e+00
   -1.9954700000e+01	    0.0000000000e+00
   -1.9904310000e+01	    0.0000000000e+00
   -1.9853921000e+01	    0.0000000000e+00
   -1.9803532000e+01	    0.0000000000e+00
   -1.9753142000e+01	    0.0000000000e+00
   -1.9702753000e+01	    0.0000000000e+00
   -1.9652364000e+01	    0.0000000000e+00
   -1.9601974000e+01	    0.0000000000e+00
   -1.9551585000e+01	    0.0000000000e+00
   -1.9501196000e+01	    0.0000000000e+00
   -1.9450806000e+01	    0.0000000000e+00
   -1.9400417000e+01	    0.0000000000e+00
   -1.9350028000e+01	    0.0000000000e+00
   -1.9299638000e+01	    0.0000000000e+00
   -1.9249249000e+01	    0.0000000000e+00
   -1.9198860000e+01	    0.0000000000e+00
   -1.9148470000e+01	    0.0000000000e+00
   -1.9098081000e+01	    0.0000000000e+00
   -1.9047692000e+01	    0.0000000000e+00
   -1.8997302000e+01	    0.0000000000e+00
   -1.8946913000e+01	    0.0000000000e+00
   -1.8896524000e+01	    0.0000000000e+00
   -1.8846134000e+01	    0.0000000000e+00
   -1.8795745000e+01	    0.0000000000e+00
   -1.8745356000e+01	    0.0000000000e+00
   -1.8694966000e+01	    0.0000000000e+00
   -1.8644577000e+01	    0.0000000000e+00
   -1.8594188000e+01	    0.0000000000e+00
   -1.8543798000e+01	    0.0000000000e+00
   -1.8493409000e+01	    0.0000000000e+00
   -1.8443020000e+01	    0.0000000000e+00
   -1.8392630000e+01	    0.0000000000e+00
   -1.8342241000e+01	    0.0000000000e+00
   -1.8291852000e+01	    0.0000000000e+00
   -1.8241462000e+01	    0.0000000000e+00
   -1.8191073000e+01	    0.0000000000e+00
   -1.8140684000e+01	    0.0000000000e+00
   -1.8090294000e+01	    0.0000000000e+00
   -1.8039905000e+01	    0.0000000000e+00
   -1.7989516000e+01	    0.0000000000e+00
   -1.7939126000e+01	    0.0000000000e+00
   -1.7888737000e+01	    0.0000000000e+00
   -1.7838347000e+01	    0.0000000000e+00
   -1.7787958000e+01	    0.0000000000e+00
   -1.7737569000e+01	    0.0000000000e+00
   -1.7687179000e+01	    0.0000000000e+00
   -1.7636790000e+01	    0.0000000000e+00
   -1.7586401000e+01	    0.0000000000e+00
   -1.7536011000e+01	    0.0000000000e+00
   -1.7485622000e+01	    0.0000000000e+00
   -1.7435233000e+01	    0.0000000000e+00
   -1.7384843000e+01	    0.0000000000e+00
   -1.7334454000e+01	    0.0000000000e+00
   -1.7284065000e+01	    0.0000000000e+00
   -1.7233675000e+01	    0.0000000000e+00
   -1.7183286000e+01	    0.0000000000e+00
   -1.7132897000e+01	    0.0000000000e+00
   -1.7082507000e+01	    0.0000000000e+00
   -1.7032118000e+01	    0.0000000000e+00
   -1.6981729000e+01	    0.0000000000e+00
   -1.6931339000e+01	    0.0000000000e+00
   -1.6880950000e+01	    0.0000000000e+00
   -1.6830561000e+01	    0.0000000000e+00
   -1.6780171000e+01	    0.0000000000e+00
   -1.6729782000e+01	    0.0000000000e+00
   -1.6679393000e+01	    0.0000000000e+00
   -1.6629003000e+01	    0.0000000000e+00
   -1.6578614000e+01	    0.0000000000e+00
   -1.6528225000e+01	    0.0000000000e+00
   -1.6477835000e+01	    0.0000000000e+00
   -1.6427446000e+01	    0.0000000000e+00
   -1.6377057000e+01	    0.0000000000e+00
   -1.6326667000e+01	    0.0000000000e+00
   -1.6276278000e+01	    0.0000000000e+00
   -1.6225889000e+01	    0.0000000000e+00
   -1.6175499000e+01	    0.0000000000e+00
   -1.6125110000e+01	    0.0000000000e+00
   -1.6074721000e+01	    0.0000000000e+00
   -1.6024331000e+01	    0.0000000000e+00
   -1.5973942000e+01	    0.0000000000e+00
   -1.5923553000e+01	    0.0000000000e+00
   -1.5873163000e+01	    0.0000000000e+00
   -1.5822774000e+01	    0.0000000000e+00
   -1.5772385000e+01	    0.0000000000e+00
   -1.5721995000e+01	    0.0000000000e+00
   -1.5671606000e+01	    0.0000000000e+00
   -1.5621217000e+01	    0.0000000000e+00
   -1.5570827000e+01	    0.0000000000e+00
   -1.5520438000e+01	    0.0000000000e+00
   -1.5470049000e+01	    0.0000000000e+00
   -1.5419659000e+01	    0.0000000000e+00
   -1.5369270000e+01	    0.0000000000e+00
   -1.5318881000e+01	    0.0000000000e+00
   -1.5268491000e+01	    0.0000000000e+00
   -1.5218102000e+01	    0.0000000000e+00
   -1.5167713000e+01	    0.0000000000e+00
   -1.5117323000e+01	    0.0000000000e+00
   -1.5066934000e+01	    0.0000000000e+00
   -1.5016545000e+01	    0.0000000000e+00
   -1.4966155000e+01	    0.0000000000e+00
   -1.4915766000e+01	    0.0000000000e+00
   -1.4865377000e+01	    0.0000000000e+00
   -1.4814987000e+01	    0.0000000000e+00
   -1.4764598000e+01	    0.0000000000e+00
   -1.4714209000e+01	    0.0000000000e+00
   -1.4663819000e+01	    0.0000000000e+00
   -1.4613430000e+01	    0.0000000000e+00
   -1.4563041000e+01	    0.0000000000e+00
   -1.4512651000e+01	    0.0000000000e+00
   -1.4462262000e+01	    0.0000000000e+00
   -1.4411873000e+01	    0.0000000000e+00
   -1.4361483000e+01	    0.0000000000e+00
   -1.4311094000e+01	    0.0000000000e+00
   -1.4260705000e+01	    0.0000000000e+00
   -1.4210315000e+01	    0.0000000000e+00
   -1.4159926000e+01	    0.0000000000e+00
   -1.4109537000e+01	    0.0000000000e+00
   -1.4059147000e+01	    0.0000000000e+00
   -1.4008758000e+01	    0.0000000000e+00
   -1.3958369000e+01	    0.0000000000e+00
   -1.3907979000e+01	    0.0000000000e+00
   -1.3857590000e+01	    0.0000000000e+00
   -1.3807201000e+01	    0.0000000000e+00
   -1.3756811000e+01	    0.0000000000e+00
   -1.3706422000e+01	    0.0000000000e+00
   -1.3656033000e+01	    0.0000000000e+00
   -1.3605643000e+01	    0.0000000000e+00
   -1.3555254000e+01	    0.0000000000e+00
   -1.3504865000e+01	    0.0000000000e+00
   -1.3454475000e+01	    0.0000000000e+00
   -1.3404086000e+01	    0.0000000000e+00
   -1.3353697000e+01	    0.0000000000e+00
   -1.3303307000e+01	    0.0000000000e+00
   -1.3252918000e+01	    0.0000000000e+00
   -1.3202529000e+01	    0.0000000000e+00
   -1.3152139000e+01	    0.0000000000e+00
   -1.3101750000e+01	    0.0000000000e+00
   -1.3051360000e+01	    0.0000000000e+00
   -1.3000971000e+01	    0.0000000000e+00
   -1.2950582000e+01	    0.0000000000e+00
   -1.2900192000e+01	    0.0000000000e+00
   -1.2849803000e+01	    0.0000000000e+00
   -1.2799414000e+01	    0.0000000000e+00
   -1.2749024000e+01	    0.0000000000e+00
   -1.2698635000e+01	    0.0000000000e+00
   -1.2648246000e+01	    0.0000000000e+00
   -1.2597856000e+01	    0.0000000000e+00
   -1.2547467000e+01	    0.0000000000e+00
   -1.2497078000e+01	    0.0000000000e+00
   -1.2446688000e+01	    0.0000000000e+00
   -1.2396299000e+01	    0.0000000000e+00
   -1.2345910000e+01	    0.0000000000e+00
   -1.2295520000e+01	    0.0000000000e+00
   -1.2245131000e+01	    0.0000000000e+00
   -1.2194742000e+01	    0.0000000000e+00
   -1.2144352000e+01	    0.0000000000e+00
   -1.2093963000e+01	    0.0000000000e+00
   -1.2043574000e+01	    0.0000000000e+00
   -1.1993184000e+01	    0.0000000000e+00
   -1.1942795000e+01	    0.0000000000e+00
   -1.1892406000e+01	    0.0000000000e+00
   -1.1842016000e+01	    0.0000000000e+00
   -1.1791627000e+01	    0.0000000000e+00
   -1.1741238000e+01	    0.0000000000e+00
   -1.1690848000e+01	    0.0000000000e+00
   -1.1640459000e+01	    0.0000000000e+00
   -1.1590070000e+01	    0.0000000000e+00
   -1.1539680000e+01	    0.0000000000e+00
   -1.1489291000e+01	    0.0000000000e+00
   -1.1438902000e+01	    0.0000000000e+00
   -1.1388512000e+01	    0.0000000000e+00
   -1.1338123000e+01	    0.0000000000e+00
   -1.1287734000e+01	    0.0000000000e+00
   -1.1237344000e+01	    0.0000000000e+00
   -1.1186955000e+01	    0.0000000000e+00
   -1.1136566000e+01	    0.0000000000e+00
   -1.1086176000e+01	    0.0000000000e+00
   -1.1035787000e+01	    0.0000000000e+00
   -1.0985398000e+01	    0.0000000000e+00
   -1.0935008000e+01	    0.0000000000e+00
   -1.0884619000e+01	    0.0000000000e+00
   -1.0834230000e+01	    0.0000000000e+00
   -1.0783840000e+01	    0.0000000000e+00
   -1.0733451000e+01	    0.0000000000e+00
   -1.0683062000e+01	    0.0000000000e+00
   -1.0632672000e+01	    0.0000000000e+00
   -1.0582283000e+01	    0.0000000000e+00
   -1.0531894000e+01	    0.0000000000e+00
   -1.0481504000e+01	    0.0000000000e+00
   -1.0431115000e+01	    0.0000000000e+00
   -1.0380726000e+01	    0.0000000000e+00
   -1.0330336000e+01	    0.0000000000e+00
   -1.0279947000e+01	    0.0000000000e+00
   -1.0229558000e+01	    0.0000000000e+00
   -1.0179168000e+01	    0.0000000000e+00
   -1.0128779000e+01	    0.0000000000e+00
   -1.0078390000e+01	    0.0000000000e+00
   -1.0028000000e+01	    0.0000000000e+00
   -9.9776109000e+00	    4.2378600000e-01
   -9.9272216000e+00	    0.0000000000e+00
   -9.8768323000e+00	    0.0000000000e+00
   -9.8264429000e+00	    0.0000000000e+00
   -9.7760536000e+00	    0.0000000000e+00
   -9.7256643000e+00	    0.0000000000e+00
   -9.6752749000e+00	    0.0000000000e+00
   -9.6248856000e+00	    0.0000000000e+00
   -9.5744963000e+00	    0.0000000000e+00
   -9.5241069000e+00	    0.0000000000e+00
   -9.4737176000e+00	    0.0000000000e+00
   -9.4233282000e+00	    0.0000000000e+00
   -9.3729389000e+00	    0.0000000000e+00
   -9.3225496000e+00	    0.0000000000e+00
   -9.2721602000e+00	    0.0000000000e+00
   -9.2217709000e+00	    0.0000000000e+00
   -9.1713816000e+00	    0.0000000000e+00
   -9.1209922000e+00	    0.0000000000e+00
   -9.0706029000e+00	    0.0000000000e+00
   -9.0202135000e+00	    0.0000000000e+00
   -8.9698242000e+00	    0.0000000000e+00
   -8.9194349000e+00	    0.0000000000e+00
   -8.8690455000e+00	    0.0000000000e+00
   -8.8186562000e+00	    0.0000000000e+00
   -8.7682669000e+00	    0.0000000000e+00
   -8.7178775000e+00	    0.0000000000e+00
   -8.6674882000e+00	    0.0000000000e+00
   -8.6170989000e+00	    0.0000000000e+00
   -8.5667095000e+00	    0.0000000000e+00
   -8.5163202000e+00	    0.0000000000e+00
   -8.4659308000e+00	    0.0000000000e+00
   -8.4155415000e+00	    0.0000000000e+00
   -8.3651522000e+00	    0.0000000000e+00
   -8.3147628000e+00	    0.0000000000e+00
   -8.2643735000e+00	    0.0000000000e+00
   -8.2139842000e+00	    0.0000000000e+00
   -8.1635948000e+00	    0.0000000000e+00
   -8.1132055000e+00	    0.0000000000e+00
   -8.0628161000e+00	    0.0000000000e+00
   -8.0124268000e+00	    0.0000000000e+00
   -7.9620375000e+00	    0.0000000000e+00
   -7.9116481000e+00	    0.0000000000e+00
   -7.8612588000e+00	    0.0000000000e+00
   -7.8108695000e+00	    0.0000000000e+00
   -7.7604801000e+00	    0.0000000000e+00
   -7.7100908000e+00	    0.0000000000e+00
   -7.6597015000e+00	    0.0000000000e+00
   -7.6093121000e+00	    0.0000000000e+00
   -7.5589228000e+00	    0.0000000000e+00
   -7.5085334000e+00	    0.0000000000e+00
   -7.4581441000e+00	    0.0000000000e+00
   -7.4077548000e+00	    0.0000000000e+00
   -7.3573654000e+00	    0.0000000000e+00
   -7.3069761000e+00	    0.0000000000e+00
   -7.2565868000e+00	    0.0000000000e+00
   -7.2061974000e+00	    0.0000000000e+00
   -7.1558081000e+00	    0.0000000000e+00
   -7.1054187000e+00	    0.0000000000e+00
   -7.0550294000e+00	    0.0000000000e+00
   -7.0046401000e+00	    0.0000000000e+00
   -6.9542507000e+00	    0.0000000000e+00
   -6.9038614000e+00	    0.0000000000e+00
   -6.8534721000e+00	    0.0000000000e+00
   -6.8030827000e+00	    0.0000000000e+00
   -6.7526934000e+00	    0.0000000000e+00
   -6.7023041000e+00	    0.0000000000e+00
   -6.6519147000e+00	    0.0000000000e+00
   -6.6015254000e+00	    0.0000000000e+00
   -6.5511360000e+00	    0.0000000000e+00
   -6.5007467000e+00	    0.0000000000e+00
   -6.4503574000e+00	    0.0000000000e+00
   -6.3999680000e+00	    0.0000000000e+00
   -6.3495787000e+00	    0.0000000000e+00
   -6.2991894000e+00	    0.0000000000e+00
   -6.2488000000e+00	    0.0000000000e+00
   -6.1984107000e+00	    0.0000000000e+00
   -6.1480213000e+00	    0.0000000000e+00
   -6.0976320000e+00	    0.0000000000e+00
   -6.0472427000e+00	    0.0000000000e+00
   -5.9968533000e+00	    0.0000000000e+00
   -5.9464640000e+00	    0.0000000000e+00
   -5.8960747000e+00	    0.0000000000e+00
   -5.8456853000e+00	    0.0000000000e+00
   -5.7952960000e+00	    0.0000000000e+00
   -5.7449067000e+00	    0.0000000000e+00
   -5.6945173000e+00	    0.0000000000e+00
   -5.6441280000e+00	    0.0000000000e+00
   -5.5937386000e+00	    0.0000000000e+00
   -5.5433493000e+00	    0.0000000000e+00
   -5.4929600000e+00	    0.0000000000e+00
   -5.4425706000e+00	    0.0000000000e+00
   -5.3921813000e+00	    0.0000000000e+00
   -5.3417920000e+00	    0.0000000000e+00
   -5.2914026000e+00	    0.0000000000e+00
   -5.2410133000e+00	    0.0000000000e+00
   -5.1906239000e+00	    0.0000000000e+00
   -5.1402346000e+00	    0.0000000000e+00
   -5.0898453000e+00	    0.0000000000e+00
   -5.0394559000e+00	    0.0000000000e+00
   -4.9890666000e+00	    0.0000000000e+00
   -4.9386773000e+00	    0.0000000000e+00
   -4.8882879000e+00	    0.0000000000e+00
   -4.8378986000e+00	    0.0000000000e+00
   -4.7875093000e+00	    0.0000000000e+00
   -4.7371199000e+00	    0.0000000000e+00
   -4.6867306000e+00	    0.0000000000e+00
   -4.6363412000e+00	    0.0000000000e+00
   -4.5859519000e+00	    0.0000000000e+00
   -4.5355626000e+00	    0.0000000000e+00
   -4.4851732000e+00	    0.0000000000e+00
   -4.4347839000e+00	    0.0000000000e+00
   -4.3843946000e+00	    0.0000000000e+00
   -4.3340052000e+00	    0.0000000000e+00
   -4.2836159000e+00	    0.0000000000e+00
   -4.2332265000e+00	    0.0000000000e+00
   -4.1828372000e+00	    0.0000000000e+00
   -4.1324479000e+00	    0.0000000000e+00
   -4.0820585000e+00	    0.0000000000e+00
   -4.0316692000e+00	    0.0000000000e+00
   -3.9812799000e+00	    0.0000000000e+00
   -3.9308905000e+00	    0.0000000000e+00
   -3.8805012000e+00	    0.0000000000e+00
   -3.8301119000e+00	    0.0000000000e+00
   -3.7797225000e+00	    0.0000000000e+00
   -3.7293332000e+00	    0.0000000000e+00
   -3.6789438000e+00	    0.0000000000e+00
   -3.6285545000e+00	    0.0000000000e+00
   -3.5781652000e+00	    0.0000000000e+00
   -3.5277758000e+00	    0.0000000000e+00
   -3.4773865000e+00	    0.0000000000e+00
   -3.4269972000e+00	    0.0000000000e+00
   -3.3766078000e+00	    0.0000000000e+00
   -3.3262185000e+00	    0.0000000000e+00
   -3.2758291000e+00	    0.0000000000e+00
   -3.2254398000e+00	    0.0000000000e+00
   -3.1750505000e+00	    0.0000000000e+00
   -3.1246611000e+00	    0.0000000000e+00
   -3.0742718000e+00	    0.0000000000e+00
   -3.0238825000e+00	    0.0000000000e+00
   -2.9734931000e+00	    0.0000000000e+00
   -2.9231038000e+00	    0.0000000000e+00
   -2.8727145000e+00	    0.0000000000e+00
   -2.8223251000e+00	    0.0000000000e+00
   -2.7719358000e+00	    0.0000000000e+00
   -2.7215464000e+00	    0.0000000000e+00
   -2.6711571000e+00	    0.0000000000e+00
   -2.6207678000e+00	    0.0000000000e+00
   -2.5703784000e+00	    0.0000000000e+00
   -2.5199891000e+00	    0.0000000000e+00
   -2.4695998000e+00	    0.0000000000e+00
   -2.4192104000e+00	    0.0000000000e+00
   -2.3688211000e+00	    0.0000000000e+00
   -2.3184317000e+00	    0.0000000000e+00
   -2.2680424000e+00	    0.0000000000e+00
   -2.2176531000e+00	    0.0000000000e+00
   -2.1672637000e+00	    0.0000000000e+00
   -2.1168744000e+00	    0.0000000000e+00
   -2.0664851000e+00	    0.0000000000e+00
   -2.0160957000e+00	    0.0000000000e+00
   -1.9657064000e+00	    0.0000000000e+00
   -1.9153171000e+00	    0.0000000000e+00
   -1.8649277000e+00	    0.0000000000e+00
   -1.8145384000e+00	    0.0000000000e+00
   -1.7641490000e+00	    0.0000000000e+00
   -1.7137597000e+00	    0.0000000000e+00
   -1.6633704000e+00	    0.0000000000e+00
   -1.6129810000e+00	    0.0000000000e+00
   -1.5625917000e+00	    0.0000000000e+00
   -1.5122024000e+00	    0.0000000000e+00
   -1.4618130000e+00	    0.0000000000e+00
   -1.4114237000e+00	    0.0000000000e+00
   -1.3610343000e+00	    0.0000000000e+00
   -1.3106450000e+00	    0.0000000000e+00
   -1.2602557000e+00	    0.0000000000e+00
   -1.2098663000e+00	    0.0000000000e+00
   -1.1594770000e+00	    0.0000000000e+00
   -1.1090877000e+00	    0.0000000000e+00
   -1.0586983000e+00	    0.0000000000e+00
   -1.0083090000e+00	    0.0000000000e+00
   -9.5791965000e-01	    0.0000000000e+00
   -9.0753032000e-01	    0.0000000000e+00
   -8.5714098000e-01	    0.0000000000e+00
   -8.0675164000e-01	    0.0000000000e+00
   -7.5636231000e-01	    0.0000000000e+00
   -7.0597297000e-01	    0.0000000000e+00
   -6.5558363000e-01	    0.0000000000e+00
   -6.0519430000e-01	    0.0000000000e+00
   -5.5480496000e-01	    0.0000000000e+00
   -5.0441562000e-01	    0.0000000000e+00
   -4.5402628000e-01	    0.0000000000e+00
   -4.0363695000e-01	    0.0000000000e+00
   -3.5324761000e-01	    0.0000000000e+00
   -3.0285827000e-01	    0.0000000000e+00
   -2.5246894000e-01	    0.0000000000e+00
   -2.0207960000e-01	    0.0000000000e+00
   -1.5169026000e-01	    0.0000000000e+00
   -1.0130093000e-01	    0.0000000000e+00
   -5.0911590000e-02	    0.0000000000e+00
   -5.2225325000e-04	    0.0000000000e+00
    4.9867084000e-02	    3.6840100000e-01
    1.0025642000e-01	    2.8335000000e-02
    1.5064576000e-01	    2.1225000000e-02
    2.0103509000e-01	    1.7906000000e-02
    2.5142443000e-01	    1.6031000000e-02
    3.0181377000e-01	    1.4210000000e-02
    3.5220310000e-01	    5.4010000000e-03
    4.0259244000e-01	    7.0320000000e-03
    4.5298178000e-01	    8.0060000000e-03
    5.0337112000e-01	    8.4940000000e-03
    5.5376045000e-01	    6.7190000000e-03
    6.0414979000e-01	    5.9770000000e-03
    6.5453913000e-01	    5.8780000000e-03
    7.0492846000e-01	    5.4660000000e-03
    7.5531780000e-01	    4.9690000000e-03
    8.0570714000e-01	    4.7560000000e-03
    8.5609647000e-01	    4.5800000000e-03
    9.0648581000e-01	    4.3240000000e-03
    9.5687515000e-01	    3.9680000000e-03
    1.0072645000e+00	    3.8340000000e-03
    1.0576538000e+00	    3.5330000000e-03
    1.1080432000e+00	    3.4010000000e-03
    1.1584325000e+00	    3.1820000000e-03
    1.2088218000e+00	    2.7740000000e-03
    1.2592112000e+00	    2.5720000000e-03
    1.3096005000e+00	    2.4110000000e-03
    1.3599898000e+00	    2.1710000000e-03
    1.4103792000e+00	    1.8760000000e-03
    1.4607685000e+00	    1.7430000000e-03
    1.5111579000e+00	    1.5460000000e-03
    1.5615472000e+00	    1.2390000000e-03
    1.6119365000e+00	    1.0540000000e-03
    1.6623259000e+00	    9.1000000000e-04
    1.7127152000e+00	    6.4000000000e-04
    1.7631045000e+00	    4.8600000000e-04
    1.8134939000e+00	    3.9600000000e-04
    1.8638832000e+00	    2.7900000000e-04
    1.9142725000e+00	    1.9300000000e-04
    1.9646619000e+00	    1.2700000000e-04
    2.0150512000e+00	    6.6000000000e-05
    2.0654406000e+00	    5.1000000000e-05
    2.1158299000e+00	    2.4000000000e-05
    2.1662192000e+00	    1.5000000000e-05
    2.2166086000e+00	    4.0000000000e-06
    2.2669979000e+00	    7.0000000000e-06
    2.3173872000e+00	    2.0000000000e-06
    2.3677766000e+00	    0.0000000000e+00
    2.4181659000e+00	    0.0000000000e+00
    2.4685553000e+00	    0.0000000000e+00
    2.5189446000e+00	    0.0000000000e+00
    2.5693339000e+00	    0.0000000000e+00
    2.6197233000e+00	    0.0000000000e+00
    2.6701126000e+00	    0.0000000000e+00
    2.7205019000e+00	    0.0000000000e+00
    2.7708913000e+00	    0.0000000000e+00
    2.8212806000e+00	    0.0000000000e+00
    2.8716699000e+00	    0.0000000000e+00
    2.9220593000e+00	    0.0000000000e+00
    2.9724486000e+00	    0.0000000000e+00
    3.0228380000e+00	    0.0000000000e+00
    3.0732273000e+00	    0.0000000000e+00
    3.1236166000e+00	    0.0000000000e+00
    3.1740060000e+00	    0.0000000000e+00
    3.2243953000e+00	    0.0000000000e+00
    3.2747846000e+00	    0.0000000000e+00
    3.3251740000e+00	    0.0000000000e+00
    3.3755633000e+00	    0.0000000000e+00
    3.4259527000e+00	    0.0000000000e+00
    3.4763420000e+00	    0.0000000000e+00
    3.5267313000e+00	    0.0000000000e+00
    3.5771207000e+00	    0.0000000000e+00
    3.6275100000e+00	    0.0000000000e+00
    3.6778993000e+00	    0.0000000000e+00
    3.7282887000e+00	    0.0000000000e+00
    3.7786780000e+00	    0.0000000000e+00
    3.8290673000e+00	    0.0000000000e+00
    3.8794567000e+00	    0.0000000000e+00
    3.9298460000e+00	    0.0000000000e+00
    3.9802354000e+00	    0.0000000000e+00
    4.0306247000e+00	    0.0000000000e+00
    4.0810140000e+00	    0.0000000000e+00
    4.1314034000e+00	    0.0000000000e+00
    4.1817927000e+00	    0.0000000000e+00
    4.2321820000e+00	    0.0000000000e+00
    4.2825714000e+00	    0.0000000000e+00
    4.3329607000e+00	    0.0000000000e+00
    4.3833501000e+00	    0.0000000000e+00
    4.4337394000e+00	    0.0000000000e+00
    4.4841287000e+00	    0.0000000000e+00
    4.5345181000e+00	    0.0000000000e+00
    4.5849074000e+00	    0.0000000000e+00
    4.6352967000e+00	    0.0000000000e+00
    4.6856861000e+00	    0.0000000000e+00
    4.7360754000e+00	    0.0000000000e+00
    4.7864647000e+00	    0.0000000000e+00
    4.8368541000e+00	    0.0000000000e+00
    4.8872434000e+00	    0.0000000000e+00
    4.9376328000e+00	    0.0000000000e+00
    4.9880221000e+00	    0.0000000000e+00
    5.0384114000e+00	    0.0000000000e+00
    5.0888008000e+00	    0.0000000000e+00
    5.1391901000e+00	    0.0000000000e+00
    5.1895794000e+00	    0.0000000000e+00
    5.2399688000e+00	    0.0000000000e+00
    5.2903581000e+00	    0.0000000000e+00
    5.3407475000e+00	    0.0000000000e+00
    5.3911368000e+00	    0.0000000000e+00
    5.4415261000e+00	    0.0000000000e+00
    5.4919155000e+00	    0.0000000000e+00
    5.5423048000e+00	    0.0000000000e+00
    5.5926941000e+00	    0.0000000000e+00
    5.6430835000e+00	    0.0000000000e+00
    5.6934728000e+00	    0.0000000000e+00
    5.7438621000e+00	    0.0000000000e+00
    5.7942515000e+00	    0.0000000000e+00
    5.8446408000e+00	    0.0000000000e+00
    5.8950302000e+00	    0.0000000000e+00
    5.9454195000e+00	    0.0000000000e+00
    5.9958088000e+00	    0.0000000000e+00
    6.0461982000e+00	    0.0000000000e+00
    6.0965875000e+00	    0.0000000000e+00
    6.1469768000e+00	    0.0000000000e+00
    6.1973662000e+00	    0.0000000000e+00
    6.2477555000e+00	    0.0000000000e+00
    6.2981449000e+00	    0.0000000000e+00
    6.3485342000e+00	    0.0000000000e+00
    6.3989235000e+00	    0.0000000000e+00
    6.4493129000e+00	    0.0000000000e+00
    6.4997022000e+00	    0.0000000000e+00
    6.5500915000e+00	    0.0000000000e+00
    6.6004809000e+00	    0.0000000000e+00
    6.6508702000e+00	    0.0000000000e+00
    6.7012595000e+00	    0.0000000000e+00
    6.7516489000e+00	    0.0000000000e+00
    6.8020382000e+00	    0.0000000000e+00
    6.8524276000e+00	    0.0000000000e+00
    6.9028169000e+00	    0.0000000000e+00
    6.9532062000e+00	    0.0000000000e+00
    7.0035956000e+00	    0.0000000000e+00
    7.0539849000e+00	    0.0000000000e+00
    7.1043742000e+00	    0.0000000000e+00
    7.1547636000e+00	    0.0000000000e+00
    7.2051529000e+00	    0.0000000000e+00
    7.2555423000e+00	    0.0000000000e+00
    7.3059316000e+00	    0.0000000000e+00
    7.3563209000e+00	    0.0000000000e+00
    7.4067103000e+00	    0.0000000000e+00
    7.4570996000e+00	    0.0000000000e+00
    7.5074889000e+00	    0.0000000000e+00
    7.5578783000e+00	    0.0000000000e+00
    7.6082676000e+00	    0.0000000000e+00
    7.6586569000e+00	    0.0000000000e+00
    7.7090463000e+00	    0.0000000000e+00
    7.7594356000e+00	    0.0000000000e+00
    7.8098250000e+00	    0.0000000000e+00
    7.8602143000e+00	    0.0000000000e+00
    7.9106036000e+00	    0.0000000000e+00
    7.9609930000e+00	    0.0000000000e+00
    8.0113823000e+00	    0.0000000000e+00
    8.0617716000e+00	    0.0000000000e+00
    8.1121610000e+00	    0.0000000000e+00
    8.1625503000e+00	    0.0000000000e+00
    8.2129397000e+00	    0.0000000000e+00
    8.2633290000e+00	    0.0000000000e+00
    8.3137183000e+00	    0.0000000000e+00
    8.3641077000e+00	    0.0000000000e+00
    8.4144970000e+00	    0.0000000000e+00
    8.4648863000e+00	    0.0000000000e+00
    8.5152757000e+00	    0.0000000000e+00
    8.5656650000e+00	    0.0000000000e+00
    8.6160543000e+00	    0.0000000000e+00
    8.6664437000e+00	    0.0000000000e+00
    8.7168330000e+00	    0.0000000000e+00
    8.7672224000e+00	    0.0000000000e+00
    8.8176117000e+00	    0.0000000000e+00
    8.8680010000e+00	    0.0000000000e+00
    8.9183904000e+00	    0.0000000000e+00
    8.9687797000e+00	    0.0000000000e+00
    9.0191690000e+00	    0.0000000000e+00
    9.0695584000e+00	    0.0000000000e+00
    9.1199477000e+00	    0.0000000000e+00
    9.1703371000e+00	    0.0000000000e+00
    9.2207264000e+00	    0.0000000000e+00
    9.2711157000e+00	    0.0000000000e+00
    9.3215051000e+00	    0.0000000000e+00
    9.3718944000e+00	    0.0000000000e+00
    9.4222837000e+00	    0.0000000000e+00
    9.4726731000e+00	    0.0000000000e+00
    9.5230624000e+00	    0.0000000000e+00
    9.5734517000e+00	    0.0000000000e+00
    9.6238411000e+00	    0.0000000000e+00
    9.6742304000e+00	    0.0000000000e+00
    9.7246198000e+00	    0.0000000000e+00
    9.7750091000e+00	    0.0000000000e+00
    9.8253984000e+00	    0.0000000000e+00
    9.8757878000e+00	    0.0000000000e+00
    9.9261771000e+00	    0.0000000000e+00
    9.9765664000e+00	    0.0000000000e+00
    1.0026956000e+01	    0.0000000000e+00
    1.0077345000e+01	    0.0000000000e+00
    1.0127734000e+01	    0.0000000000e+00
    1.0178124000e+01	    0.0000000000e+00
    1.0228513000e+01	    0.0000000000e+00
    1.0278902000e+01	    0.0000000000e+00
    1.0329292000e+01	    0.0000000000e+00
    1.0379681000e+01	    0.0000000000e+00
    1.0430070000e+01	    0.0000000000e+00
    1.0480460000e+01	    0.0000000000e+00
    1.0530849000e+01	    0.0000000000e+00
    1.0581238000e+01	    0.0000000000e+00
    1.0631628000e+01	    0.0000000000e+00
    1.0682017000e+01	    0.0000000000e+00
    1.0732406000e+01	    0.0000000000e+00
    1.0782796000e+01	    0.0000000000e+00
    1.0833185000e+01	    0.0000000000e+00
    1.0883575000e+01	    0.0000000000e+00
    1.0933964000e+01	    0.0000000000e+00
    1.0984353000e+01	    0.0000000000e+00
    1.1034743000e+01	    0.0000000000e+00
    1.1085132000e+01	    0.0000000000e+00
    1.1135521000e+01	    0.0000000000e+00
    1.1185911000e+01	    0.0000000000e+00
    1.1236300000e+01	    0.0000000000e+00
    1.1286689000e+01	    0.0000000000e+00
    1.1337079000e+01	    0.0000000000e+00
    1.1387468000e+01	    0.0000000000e+00
    1.1437857000e+01	    0.0000000000e+00
    1.1488247000e+01	    0.0000000000e+00
    1.1538636000e+01	    0.0000000000e+00
    1.1589025000e+01	    0.0000000000e+00
    1.1639415000e+01	    0.0000000000e+00
    1.1689804000e+01	    0.0000000000e+00
    1.1740193000e+01	    0.0000000000e+00
    1.1790583000e+01	    0.0000000000e+00
    1.1840972000e+01	    0.0000000000e+00
    1.1891361000e+01	    0.0000000000e+00
    1.1941751000e+01	    0.0000000000e+00
    1.1992140000e+01	    0.0000000000e+00
    1.2042529000e+01	    0.0000000000e+00
    1.2092919000e+01	    0.0000000000e+00
    1.2143308000e+01	    0.0000000000e+00
    1.2193697000e+01	    0.0000000000e+00
    1.2244087000e+01	    0.0000000000e+00
    1.2294476000e+01	    0.0000000000e+00
    1.2344865000e+01	    0.0000000000e+00
    1.2395255000e+01	    0.0000000000e+00
    1.2445644000e+01	    0.0000000000e+00
    1.2496033000e+01	    0.0000000000e+00
    1.2546423000e+01	    0.0000000000e+00
    1.2596812000e+01	    0.0000000000e+00
    1.2647201000e+01	    0.0000000000e+00
    1.2697591000e+01	    0.0000000000e+00
    1.2747980000e+01	    0.0000000000e+00
    1.2798369000e+01	    0.0000000000e+00
    1.2848759000e+01	    0.0000000000e+00
    1.2899148000e+01	    0.0000000000e+00
    1.2949537000e+01	    0.0000000000e+00
    1.2999927000e+01	    0.0000000000e+00
    1.3050316000e+01	    0.0000000000e+00
    1.3100705000e+01	    0.0000000000e+00
    1.3151095000e+01	    0.0000000000e+00
    1.3201484000e+01	    0.0000000000e+00
    1.3251873000e+01	    0.0000000000e+00
    1.3302263000e+01	    0.0000000000e+00
    1.3352652000e+01	    0.0000000000e+00
    1.3403041000e+01	    0.0000000000e+00
    1.3453431000e+01	    0.0000000000e+00
    1.3503820000e+01	    0.0000000000e+00
    1.3554209000e+01	    0.0000000000e+00
    1.3604599000e+01	    0.0000000000e+00
    1.3654988000e+01	    0.0000000000e+00
    1.3705377000e+01	    0.0000000000e+00
    1.3755767000e+01	    0.0000000000e+00
    1.3806156000e+01	    0.0000000000e+00
    1.3856545000e+01	    0.0000000000e+00
    1.3906935000e+01	    0.0000000000e+00
    1.3957324000e+01	    0.0000000000e+00
    1.4007713000e+01	    0.0000000000e+00
    1.4058103000e+01	    0.0000000000e+00
    1.4108492000e+01	    0.0000000000e+00
    1.4158881000e+01	    0.0000000000e+00
    1.4209271000e+01	    0.0000000000e+00
    1.4259660000e+01	    0.0000000000e+00
    1.4310049000e+01	    0.0000000000e+00
    1.4360439000e+01	    0.0000000000e+00
    1.4410828000e+01	    0.0000000000e+00
    1.4461217000e+01	    0.0000000000e+00
    1.4511607000e+01	    0.0000000000e+00
    1.4561996000e+01	    0.0000000000e+00
    1.4612385000e+01	    0.0000000000e+00
    1.4662775000e+01	    0.0000000000e+00
    1.4713164000e+01	    0.0000000000e+00
    1.4763553000e+01	    0.0000000000e+00
    1.4813943000e+01	    0.0000000000e+00
    1.4864332000e+01	    0.0000000000e+00
    1.4914721000e+01	    0.0000000000e+00
    1.4965111000e+01	    0.0000000000e+00
    1.5015500000e+01	    0.0000000000e+00
    1.5065889000e+01	    0.0000000000e+00
    1.5116279000e+01	    0.0000000000e+00
    1.5166668000e+01	    0.0000000000e+00
    1.5217057000e+01	    0.0000000000e+00
    1.5267447000e+01	    0.0000000000e+00
    1.5317836000e+01	    0.0000000000e+00
    1.5368225000e+01	    0.0000000000e+00
    1.5418615000e+01	    0.0000000000e+00
    1.5469004000e+01	    0.0000000000e+00
    1.5519393000e+01	    0.0000000000e+00
    1.5569783000e+01	    0.0000000000e+00
    1.5620172000e+01	    0.0000000000e+00
    1.5670562000e+01	    0.0000000000e+00
    1.5720951000e+01	    0.0000000000e+00
    1.5771340000e+01	    0.0000000000e+00
    1.5821730000e+01	    0.0000000000e+00
    1.5872119000e+01	    0.0000000000e+00
    1.5922508000e+01	    0.0000000000e+00
    1.5972898000e+01	    0.0000000000e+00
    1.6023287000e+01	    0.0000000000e+00
    1.6073676000e+01	    0.0000000000e+00
    1.6124066000e+01	    0.0000000000e+00
    1.6174455000e+01	    0.0000000000e+00
    1.6224844000e+01	    0.0000000000e+00
    1.6275234000e+01	    0.0000000000e+00
    1.6325623000e+01	    0.0000000000e+00
    1.6376012000e+01	    0.0000000000e+00
    1.6426402000e+01	    0.0000000000e+00
    1.6476791000e+01	    0.0000000000e+00
    1.6527180000e+01	    0.0000000000e+00
    1.6577570000e+01	    0.0000000000e+00
    1.6627959000e+01	    0.0000000000e+00
    1.6678348000e+01	    0.0000000000e+00
    1.6728738000e+01	    0.0000000000e+00
    1.6779127000e+01	    0.0000000000e+00
    1.6829516000e+01	    0.0000000000e+00
    1.6879906000e+01	    0.0000000000e+00
    1.6930295000e+01	    0.0000000000e+00
    1.6980684000e+01	    0.0000000000e+00
    1.7031074000e+01	    0.0000000000e+00
    1.7081463000e+01	    0.0000000000e+00
    1.7131852000e+01	    0.0000000000e+00
    1.7182242000e+01	    0.0000000000e+00
    1.7232631000e+01	    0.0000000000e+00
    1.7283020000e+01	    0.0000000000e+00
    1.7333410000e+01	    0.0000000000e+00
    1.7383799000e+01	    0.0000000000e+00
    1.7434188000e+01	    0.0000000000e+00
    1.7484578000e+01	    0.0000000000e+00
    1.7534967000e+01	    0.0000000000e+00
    1.7585356000e+01	    0.0000000000e+00
    1.7635746000e+01	    0.0000000000e+00
    1.7686135000e+01	    0.0000000000e+00
    1.7736524000e+01	    0.0000000000e+00
    1.7786914000e+01	    0.0000000000e+00
    1.7837303000e+01	    0.0000000000e+00
    1.7887692000e+01	    0.0000000000e+00
    1.7938082000e+01	    0.0000000000e+00
    1.7988471000e+01	    0.0000000000e+00
    1.8038860000e+01	    0.0000000000e+00
    1.8089250000e+01	    0.0000000000e+00
    1.8139639000e+01	    0.0000000000e+00
    1.8190028000e+01	    0.0000000000e+00
    1.8240418000e+01	    0.0000000000e+00
    1.8290807000e+01	    0.0000000000e+00
    1.8341196000e+01	    0.0000000000e+00
    1.8391586000e+01	    0.0000000000e+00
    1.8441975000e+01	    0.0000000000e+00
    1.8492364000e+01	    0.0000000000e+00
    1.8542754000e+01	    0.0000000000e+00
    1.8593143000e+01	    0.0000000000e+00
    1.8643532000e+01	    0.0000000000e+00
    1.8693922000e+01	    0.0000000000e+00
    1.8744311000e+01	    0.0000000000e+00
    1.8794700000e+01	    0.0000000000e+00
    1.8845090000e+01	    0.0000000000e+00
    1.8895479000e+01	    0.0000000000e+00
    1.8945868000e+01	    0.0000000000e+00
    1.8996258000e+01	    0.0000000000e+00
    1.9046647000e+01	    0.0000000000e+00
    1.9097036000e+01	    0.0000000000e+00
    1.9147426000e+01	    0.0000000000e+00
    1.9197815000e+01	    0.0000000000e+00
    1.9248204000e+01	    0.0000000000e+00
    1.9298594000e+01	    0.0000000000e+00
    1.9348983000e+01	    0.0000000000e+00
    1.9399372000e+01	    0.0000000000e+00
    1.9449762000e+01	    0.0000000000e+00
    1.9500151000e+01	    0.0000000000e+00
    1.9550540000e+01	    0.0000000000e+00
    1.9600930000e+01	    0.0000000000e+00
    1.9651319000e+01	    0.0000000000e+00
    1.9701708000e+01	    0.0000000000e+00
    1.9752098000e+01	    0.0000000000e+00
    1.9802487000e+01	    0.0000000000e+00
    1.9852876000e+01	    0.0000000000e+00
    1.9903266000e+01	    0.0000000000e+00
    1.9953655000e+01	    0.0000000000e+00
    2.0004044000e+01	    0.0000000000e+00
    2.0054434000e+01	    0.0000000000e+00
    2.0104823000e+01	    0.0000000000e+00
    2.0155212000e+01	    0.0000000000e+00
    2.0205602000e+01	    0.0000000000e+00
    2.0255991000e+01	    0.0000000000e+00
    2.0306380000e+01	    0.0000000000e+00
    2.0356770000e+01	    0.0000000000e+00
    2.0407159000e+01	    0.0000000000e+00
    2.0457549000e+01	    0.0000000000e+00
    2.0507938000e+01	    0.0000000000e+00
    2.0558327000e+01	    0.0000000000e+00
    2.0608717000e+01	    0.0000000000e+00
    2.0659106000e+01	    0.0000000000e+00
    2.0709495000e+01	    0.0000000000e+00
    2.0759885000e+01	    0.0000000000e+00
    2.0810274000e+01	    0.0000000000e+00
    2.0860663000e+01	    0.0000000000e+00
    2.0911053000e+01	    0.0000000000e+00
    2.0961442000e+01	    0.0000000000e+00
    2.1011831000e+01	    0.0000000000e+00
    2.1062221000e+01	    0.0000000000e+00
    2.1112610000e+01	    0.0000000000e+00
